NEQA6514825
123123123
123123123
123123123
123123123
123123123
123123123
123123123
123123123
123123123
123123123
123123123
123123123
123123123
123123123
123123123
123123123
123123123
123123123
123123123
123123123
123123123
123123123
123123123
123123123
123123123
123123123
123123123
123123123
123123123
123123123
123123123
123123123
123123123
123123123
123123123
123123123
123123123
123123123
123123123
123123123
123123123
123123123
123123123
123123123
123123123
123123123
123123123
123123123
123123123
123123123
123123123
123123123
123123123
123123123
123123123
123123123
123123123
123123123
123123123
123123123
123123123
123123123
123123123
123123123
123123123
123123123
123123123
123123123
123123123
123123123
123123123
123123123
123123123
123123123
123123123
123123123
123123123
123123123
123123123
123123123
123123123
123123123
123123123
123123123
123123123
123123123
123123123
123123123
123123123
123123123
123123123
123123123
123123123
123123123
123123123
123123123
123123123
123123123
123123123
123123123
123123123
123123123
123123123
123123123
123123123
123123123
123123123
123123123
123123123
123123123
123123123
123123123
123123123
123123123
123123123
123123123
123123123
123123123
123123123
123123123
123123123
123123123
123123123
123123123
123123123
123123123
123123123
123123123
123123123
123123123
123123123
123123123
123123123
123123123
123123123
123123123
123123123
123123123
123123123
123123123
123123123
123123123
123123123
123123123
123123123
123123123
123123123
123123123
123123123
123123123
123123123
123123123
123123123
123123123
123123123
123123123
123123123
123123123
123123123
123123123
123123123
123123123
123123123
123123123
123123123
123123123
123123123
123123123
123123123
123123123
123123123
123123123
123123123
123123123
123123123
123123123
123123123
123123123
123123123
123123123
123123123
123123123
123123123
123123123
123123123
123123123
123123123
123123123
123123123
123123123
123123123
123123123
123123123
123123123
123123123
123123123
123123123
123123123
123123123
123123123
123123123
123123123
123123123
123123123
123123123
123123123
123123123
123123123
123123123
123123123
123123123
123123123
123123123
123123123
123123123
123123123
123123123
123123123
123123123
123123123
123123123
123123123
123123123
123123123
123123123
123123123
123123123
123123123
123123123
123123123
123123123
123123123
123123123
123123123
123123123
123123123
123123123
123123123
123123123
123123123
123123123
123123123
123123123
123123123
123123123
123123123
123123123
123123123
123123123
123123123
123123123
123123123
123123123
123123123
123123123
123123123
123123123
123123123
123123123
123123123
123123123
123123123
123123123
123123123
123123123
123123123
123123123
123123123
123123123
123123123
123123123
123123123
123123123
123123123
123123123
123123123
123123123
123123123
123123123
NEQA6514976
NEQA6514311
NEQA6514163
NEQA6514979
NEQA6514123
NEQA6514326
NEQA6514160
NEQA6514132
NEQA6514980
NEQA6514977
NEQA6514982
NEQA6514331
NEQA6514121
NEQA6514129
NEQA6514318
